"D:\MAIN\Intellij IDEA\sdk\bin\java.exe" "-javaagent:D:\MAIN\Intellij IDEA\IntelliJ IDEA 2020.2.3\lib\idea_rt.jar=56762:D:\MAIN\Intellij IDEA\IntelliJ IDEA 2020.2.3\bin" -Dfile.encoding=UTF-8 -classpath D:\MAIN\CODING\zad_I10_b\out\production\zad_I10_b Main
Podaj liczbę X
1
-0.16666666666666666   0.8333333333333334
0.05   0.8833333333333334
-0.023809523809523808   0.8595238095238096
0.013888888888888888   0.8734126984126984
-0.00909090909090909   0.8643217893217894
0.00641025641025641   0.8707320457320458
-0.004761904761904762   0.865970140970141
0.003676470588235294   0.8696466115583763
-0.0029239766081871343   0.8667226349501892
0.002380952380952381   0.8691035873311416
-0.001976284584980237   0.8671273027461613
0.0016666666666666668   0.868793969412828
-0.0014245014245014246   0.8673694679883266
0.0012315270935960591   0.8686009950819227
-0.001075268817204301   0.8675257262647184
9.46969696969697E-4   0.8684726959616881
Przyblizona wartosc funkcji dla wartosci x= 1.0 to 0.8684726959616881

Process finished with exit code 0




"D:\MAIN\Intellij IDEA\sdk\bin\java.exe" "-javaagent:D:\MAIN\Intellij IDEA\IntelliJ IDEA 2020.2.3\lib\idea_rt.jar=56769:D:\MAIN\Intellij IDEA\IntelliJ IDEA 2020.2.3\bin" -Dfile.encoding=UTF-8 -classpath D:\MAIN\CODING\zad_I10_b\out\production\zad_I10_b Main
Podaj liczbę X
4
-10.666666666666666   -6.666666666666666
3.2   -3.466666666666666
-1.5238095238095237   -4.99047619047619
0.8888888888888888   -4.101587301587301
-0.5818181818181818   -4.683405483405483
0.41025641025641024   -4.273149073149073
-0.3047619047619048   -4.577910977910977
0.23529411764705882   -4.342616860263918
-0.1871345029239766   -4.529751363187895
0.1523809523809524   -4.377370410806942
-0.12648221343873517   -4.503852624245678
0.10666666666666667   -4.397185957579011
-0.09116809116809117   -4.4883540487471025
0.07881773399014778   -4.409536314756955
-0.06881720430107527   -4.47835351905803
0.06060606060606061   -4.417747458451969
-0.05378151260504202   -4.471528971057011
0.04804804804804805   -4.423480923008963
-0.043184885290148446   -4.466665808299112
0.03902439024390244   -4.4276414180552095
-0.035437430786267994   -4.463078848841477
0.03232323232323232   -4.430755616518245
-0.02960222016651249   -4.460357836684757
0.027210884353741496   -4.433146952331016
-0.025098039215686273   -4.458244991546702
0.023222060957910014   -4.435022930588792
-0.02154882154882155   -4.456571752137614
0.020050125313283207   -4.43652162682433
-0.018702513150204558   -4.4552241399745345
0.017486338797814208   -4.43773780117672
-0.01638504864311316   -4.454122849819833
0.015384615384615385   -4.438738234435218
-0.014473089099954772   -4.4532113235351725
0.013640238704177323   -4.4395710848309955
-0.012877263581488933   -4.452448348412484
0.0121765601217656   -4.440271788290719
-0.011531531531531532   -4.45180331982225
0.010936431989063569   -4.440866887833187
-0.0103862382343395   -4.4512531260675265
0.009876543209876543   -4.44137658285765
-0.009403467528651191   -4.450780050386301
0.008963585434173669   -4.441816464952128
-0.00855386260358193   -4.45037032755571
0.008171603677221655   -4.442198723878488
-0.007814407814407814   -4.450013131692896
0.0074801309022907905   -4.442533000790605
-0.007166853303471445   -4.449699854094076
0.006872852233676976   -4.442827001860399
-0.006596578025149453   -4.449423579885549
0.006336633663366337   -4.4430869462221825
-0.006091757091185989   -4.449178703313368
0.005860805860805861   -4.4433178974525624
-0.00564274378416505   -4.448960641236727
0.0054366292898402994   -4.443524011946887
-0.005241605241605242   -4.448765617188492
0.0050568900126422255   -4.44370872717585
-0.004881769641495042   -4.448590496817345
0.004715590922487474   -4.443874905894857
-0.004557755305512035   -4.448432661200369
0.004407713498622589   -4.444024947701746
-0.004264960682393709   -4.44828990838414
0.004129032258064516   -4.444160876126076
-0.003999500062492188   -4.448160376188568
0.003875968992248062   -4.44428440719632
-0.0037580739870816207   -4.448042481183402
0.003645477329687856   -4.444397003853714
-0.0035378662244333887   -4.447934870078147
0.0034349506225848005   -4.444499919455563
-0.0033364612657699926   -4.447836380721332
0.0032421479229989866   -4.444594232798333
-0.0031517777996651238   -4.4477460105979985
0.0030651340996168583   -4.444680876498381
-0.0029820147236976984   -4.4476628912220795
0.002902231090150553   -4.444760660131929
-0.00282560706401766   -4.4475862671959465
0.0027519779841761265   -4.44483428921177
-0.0026811897779639715   -4.447515478989734
0.0026130981544994283   -4.444902380835234
-0.0025475678688002545   -4.447449948704034
0.002484472049689441   -4.444965476654345
-0.0024236915852457776   -4.4473891682395905
0.0023651145602365115   -4.445024053679354
-0.0023086357405670585   -4.447332689419921
0.0022541561003099463   -4.445078533319611
-0.002201582387340901   -4.447280115706952
0.002150826724022046   -4.44512928898293
-0.002101806239737274   -4.447231095222667
0.002054442732408834   -4.445176652490257
-0.0020086623564120267   -4.44718531484667
0.0019643953345610805   -4.445220919512109
-0.0019215756920674953   -4.447142495204177
0.0018801410105757932   -4.445262354193601
-0.00184003220056351   -4.447102386394165
0.0018011932905549926   -4.44530119310361
-0.0017635712317442822   -4.447064764335354
0.0017271157167530224   -4.445337648618601
-0.0016917790113666403   -4.447029427629968
0.0016575157981974515   -4.44537191183177
-0.0016242830313182072   -4.446996194863088
0.0015920398009950248   -4.445404155062093
-0.0015607472077256988   -4.446964902269818
0.0015303682448589192   -4.445434534024959
-0.0015008676891327798   -4.446935401714092
0.001472211998527788   -4.445463189715564
-0.0014443692168810652   -4.446907558932446
0.0014173088847550712   -4.4454902500476905
-0.0013910019560965008   -4.446881252003787
0.00136542072025943   -4.445515831283528
-0.0013405387290017176   -4.446856370012529
0.0013163307280954339   -4.445540039284434
-0.0012927725932210237   -4.446832811877655
0.0012698412698412698   -4.4455629706078135
-0.0012475147167751745   -4.446810485324589
0.0012257718532138206   -4.445584713471375
-0.001204592508940335   -4.446789305980315
0.0011839573775344087   -4.44560534860278
-0.0011638479723586107   -4.446769196575139
0.0011442465851390976   -4.44562494999
-0.0011251362469674063   -4.4467500862369675
0.0011065006915629322   -4.445643585545405
-0.0010883243206475529   -4.4467319098660525
0.0010705921712947475   -4.445661317694758
-0.0010532898851255718   -4.446714607579883
0.0010364036792330613   -4.44567820390065
-0.0010199203187250996   -4.446698124219375
0.0010038270907836125   -4.4456942971285915
-9.88111780145129E-4   -4.446682408908737
Przyblizona wartosc funkcji dla wartosci x= 4.0 to -4.446682408908737

Process finished with exit code 0
